813
731 807
446 115
639 161
523 317
99 13
126 92
726 691
344 382
644 123
636 263
250 541
14 263
135 152
638 699
5 186
111 63
728 212
12 492
68 177
102 211
754 196
2 9
504 231
117 451
625 527
397 173
156 54
95 87
332 742
29 23
723 701
62 58
18 81
801 217
8 291
207 350
59 51
39 194
227 85
414 126
63 45
561 26
794 509
162 95
261 123
127 567
112 244
234 283
71 120
43 381
28 21
144 34
19 4
115 371
222 317
376 156
56 57
107 76
746 182
101 142
216 293
104 6
40 5
512 229
129 4
178 296
305 191
169 30
75 768
583 489
343 753
253 655
1 5
697 582
15 338
45 40
315 558
258 693
102 134
23 7
271 513
269 255
176 307
128 407
706 675
77 200
721 163
212 520
406 122
10 160
146 665
82 158
438 227
265 13
698 248
37 29
300 194
166 60
82 72
503 294
174 185
154 8
167 233
289 595
692 775
375 72
252 66
264 277
711 155
98 284
5 213
314 305
94 188
586 308
77 18
387 720
290 299
387 278
739 665
138 123
459 684
668 9
725 679
216 373
39 9
126 137
672 733
259 64
576 435
688 501
782 362
442 330
803 653
58 362
663 340
16 35
342 264
52 13
171 164
354 245
256 662
373 552
345 112
237 93
31 6
735 555
3 260
272 731
203 43
89 179
107 108
122 271
591 463
210 163
282 533
36 131
158 425
628 25
74 744
17 64
511 288
526 349
808 217
499 682
341 307
429 342
574 479
528 268
403 381
690 566
638 67
144 379
15 2
450 484
276 85
508 761
73 149
494 790
4 11
272 203
152 324
159 409
266 357
485 527
582 629
490 396
6 122
200 675
80 50
600 169
97 151
517 377
101 478
182 193
212 421
42 330
659 150
470 379
773 557
431 244
184 15
640 546
116 37
171 189
125 708
165 35
418 551
175 337
72 230
384 286
810 425
522 333
729 364
678 55
214 590
95 398
11 687
3 2
29 136
163 486
89 50
631 209
26 268
423 762
779 492
793 640
260 370
542 603
50 8
234 100
540 524
21 36
184 288
3 226
705 616
419 428
273 154
3 4
531 91
15 79
274 445
373 505
809 652
468 78
91 82
361 159
114 118
535 309
597 275
674 205
279 615
24 153
287 247
792 671
613 244
669 233
394 293
207 117
17 70
45 46
22 13
288 416
28 204
341 435
427 111
642 360
464 244
66 50
313 525
536 439
319 5
253 4
14 10
450 571
485 95
60 83
316 44
258 759
235 717
501 247
236 757
27 115
645 568
12 106
584 132
348 365
369 15
345 495
71 6
121 43
250 703
616 719
423 411
97 19
469 647
256 477
627 527
253 344
34 58
388 174
323 360
50 364
48 159
338 408
1 163
131 745
287 433
325 302
31 229
692 402
323 244
472 509
32 21
139 135
114 161
227 231
50 61
449 181
38 48
124 128
664 596
244 493
286 117
328 313
389 129
694 165
64 750
224 113
140 137
687 786
155 765
15 103
356 440
17 44
158 258
722 620
385 594
51 12
116 180
543 446
208 34
26 87
530 286
209 5
246 783
402 320
709 700
301 286
240 13
37 473
574 800
85 79
556 119
4 123
318 109
441 89
271 334
397 582
125 453
137 264
145 178
774 724
280 732
218 157
424 601
26 1
297 785
26 245
246 255
338 372
258 312
159 461
412 393
212 462
54 197
43 355
210 506
8 10
242 62
182 76
312 547
414 545
216 280
20 56
218 767
289 310
171 175
175 764
37 710
171 385
791 159
356 599
29 33
550 320
758 382
413 403
748 345
327 85
281 249
612 623
18 130
278 264
30 10
620 487
617 545
164 107
217 420
88 689
359 306
380 201
42 306
78 113
460 220
677 549
11 90
6 539
122 292
270 25
596 240
614 485
278 335
455 30
778 491
480 652
8 141
177 769
68 457
274 174
806 442
75 63
374 48
551 749
146 36
475 387
4 16
196 28
80 155
99 339
15 93
53 55
31 322
172 181
649 16
598 206
275 632
10 13
747 727
189 320
7 1
180 612
254 109
44 212
680 293
449 497
521 755
248 69
569 229
771 111
176 114
624 738
566 545
329 284
616 284
813 26
79 88
437 318
585 134
555 323
69 73
529 284
568 760
316 802
21 74
643 467
64 279
73 304
215 208
611 503
34 422
776 495
69 31
174 15
377 548
302 234
87 114
406 589
344 482
96 73
67 474
215 436
498 740
521 116
149 508
657 156
7 232
581 240
494 337
138 198
798 681
105 251
191 275
328 518
435 646
499 606
21 222
667 542
235 718
11 290
134 395
212 481
313 235
58 795
74 246
377 418
10 190
13 727
469 169
498 161
210 661
658 187
763 661
393 68
777 707
125 546
391 78
681 431
64 459
654 192
476 445
248 465
68 621
68 47
447 38
47 135
168 64
532 138
336 183
587 512
332 28
326 167
5 297
94 250
396 291
607 375
18 2
635 234
570 390
772 671
549 396
176 580
51 515
439 141
489 275
150 241
66 150
712 403
146 346
125 84
107 289
340 92
648 135
31 488
14 399
714 443
515 564
217 6
356 344
779 804
634 87
496 119
225 161
167 152
789 661
60 32
573 146
211 216
400 103
401 141
588 120
683 465
66 132
147 12
59 127
56 267
670 173
562 475
695 403
645 691
456 345
221 4
604 454
423 563
2 1
249 57
454 299
430 129
128 331
110 20
78 57
331 367
685 241
62 353
44 65
22 173
338 622
466 365
637 251
191 157
291 491
6 1
575 306
67 44
213 741
111 378
102 26
499 610
66 282
8 458
106 787
21 187
595 626
329 653
660 652
35 799
66 201
295 173
605 250
730 709
315 313
40 349
367 812
45 101
19 266
417 189
49 285
112 104
568 47
155 448
578 402
47 6
557 16
107 243
510 141
805 105
1 8
8 119
27 43
231 236
44 98
30 247
199 65
321 220
199 235
474 624
16 183
633 228
194 592
424 375
231 499
228 167
679 445
9 72
461 651
308 210
5 17
363 111
6 12
707 558
182 487
294 524
383 113
716 658
444 656
666 482
86 55
294 138
161 238
737 563
190 472
483 359
534 124
623 715
14 471
516 68
164 223
43 145
76 51
456 602
500 190
410 64
405 31
60 109
133 77
2 53
148 109
333 185
30 92
579 387
84 60
502 368
544 408
17 49
122 411
300 752
419 756
553 650
436 781
156 796
209 788
541 736
170 143
745 797
390 101
32 368
538 238
619 104
206 154
63 195
176 419
64 386
220 159
811 685
463 153
751 140
724 453
780 191
505 609
480 135
313 444
16 24
274 404
514 154
143 39
118 452
168 672
479 174
21 172
58 432
414 560
20 38
206 298
477 676
98 117
98 426
309 133
300 577
537 527
311 227
72 157
124 60
21 4
283 507
618 1
13 351
285 572
352 246
105 347
704 3
414 673
256 187
148 205
15 34
18 100
277 554
409 630
358 204
770 24
366 231
214 179
271 519
27 22
608 581
585 686
700 694
